<?xml version="1.0"?>
<opencv_storage>
<intrinsic type_id="opencv-matrix">
  <rows>3</rows>
  <cols>3</cols>
  <dt>d</dt>
  <data>
    9.1902744020056139e+02 0. 4.8069365869444761e+02 0.
    9.2212093192145176e+02 3.5290893586071132e+02 0. 0. 1.</data></intrinsic>
<distortion type_id="opencv-matrix">
  <rows>1</rows>
  <cols>5</cols>
  <dt>d</dt>
  <data>
    6.6928452636322272e-02 -2.3994686783415167e-01
    3.5879494996382023e-03 -4.1177286595515230e-03
    3.9976132268212161e-01</data></distortion>
</opencv_storage>
